2946,4957,244,155
2531,4938,275,133
2114,4923,396,132
1845,4948,252,114
1417,4937,241,125
1256,4927,166,140
1073,4948,185,130
867,4964,197,130
3187,4563,118,159
3039,4614,159,154
2868,4617,170,139
2714,4641,161,125
2576,4630,143,137
2435,4654,149,131
2274,4651,155,133
2143,4667,139,120
2020,4636,128,130
1912,4650,163,130
1818,4634,82,126
1603,4623,246,153
1513,4648,165,134
1328,4630,171,143
1094,4649,237,134
839,4619,277,191
3053,4271,156,153
2952,4275,135,141
2765,4314,182,144
2604,4312,201,142
2444,4317,166,149
2284,4327,165,133
2142,4332,142,138
1974,4336,173,136
1791,4325,195,151
1585,4340,218,139
1403,4353,193,142
1221,4352,204,147
1132,4351,136,156
877,4352,265,168
2799,3989,325,167
2361,4011,203,149
1980,4027,330,181
1769,4009,206,188
1541,4007,233,188
1284,4045,259,153
1135,4049,135,151
901,4030,232,181
2879,3718,258,167
2762,3729,124,176
2555,3747,233,170
2341,3754,257,160
1982,3768,304,148
1589,3773,301,149
1428,3763,174,149
1165,3780,271,143
882,3791,285,180
2966,3298,233,147
2648,3319,218,139
2414,3327,249,130
2118,3345,277,125
1920,3356,206,121
1766,3335,180,145
1563,3322,212,150
1286,3327,148,160
1112,3341,226,145
806,3358,301,165
655,3370,198,161
582,3376,86,158
3211,3075,100,187
2868,3151,345,179
2773,3219,97,112
2744,3204,107,130
2586,3208,174,146
2483,3212,107,124
2339,3202,200,153
2190,3217,165,138
2025,3200,177,136
1825,3182,213,166
1622,3187,277,163
1480,3189,150,156
1176,3184,318,170
1020,3223,195,149
946,3239,81,145
808,3237,146,139
705,3237,111,141
589,3241,145,141
3038,3039,114,133
2924,3052,124,135
2732,3064,226,139
2556,3085,185,161
2427,3068,149,144
2320,3075,98,129
2133,3069,265,147
1971,3065,169,138
1737,3067,234,139
1571,3045,186,151
1517,3064,69,112
1388,3055,153,166
1263,3091,130,129
1159,3082,138,137
936,3077,259,164
798,3102,150,145
673,3105,131,143
574,3112,118,144
3030,2897,188,139
2785,2891,198,148
2610,2908,182,123
2390,2915,231,135
2196,2919,196,132
2085,2920,116,124
1918,2903,149,132
1718,2891,240,151
1541,2902,181,144
1372,2896,178,138
1151,2909,246,144
930,2934,221,142
748,2950,208,134
609,2959,163,118
2991,2758,255,157
2872,2795,127,109
2776,2795,102,127
2688,2786,79,134
2591,2789,96,144
2367,2806,231,117
2221,2796,187,134
2031,2781,194,135
1851,2755,184,160
1680,2769,178,146
1550,2784,162,137
1375,2763,240,167
1260,2784,120,140
1132,2780,141,154
1006,2775,140,162
908,2809,144,144
752,2819,174,136
598,2824,183,135
3071,2618,117,130
2942,2635,117,131
2666,2625,245,128
2459,2632,234,128
2286,2628,180,134
2086,2635,230,129
1765,2602,218,142
1557,2617,211,126
1346,2604,214,135
1127,2615,152,135
962,2627,190,137
765,2609,221,161
639,2624,132,162
3075,2464,214,165
2939,2503,118,129
2788,2499,153,129
2659,2494,133,140
2472,2487,209,149
2322,2499,164,147
2178,2491,147,145
1999,2491,183,159
1810,2491,213,131
1602,2473,227,149
1351,2482,266,148
1186,2462,209,162
1064,2483,184,147
895,2484,190,146
813,2478,97,149
723,2499,136,134
567,2482,163,173
3028,2346,201,146
2617,2335,301,153
2355,2337,249,152
1664,2335,187,146
1531,2351,150,135
1381,2355,219,128
1203,2341,186,147
947,2349,204,141
733,2352,221,153
633,2371,104,128
3019,2231,171,131
2715,2234,109,137
2610,2234,101,126
1557,2237,199,129
1365,2205,179,157
1100,2207,259,153
721,2214,377,152
580,2224,156,151
3051,2106,175,141
2973,2120,60,108
2529,2102,193,124
2291,2075,244,169
2102,2113,186,142
1962,2094,126,145
1832,2104,147,127
1635,2098,212,140
1443,2098,197,140
1321,2087,139,149
959,2085,212,141
801,2112,171,123
626,2106,206,133
3049,1957,194,141
2877,1972,148,147
2716,1960,136,145
2555,1955,217,145
2315,1955,246,164
2187,1971,177,142
1990,1954,193,156
1773,1959,239,153
1672,1963,201,142
1373,1935,133,159
1178,1945,215,156
1009,1968,175,132
858,1965,155,152
698,1976,168,136
580,1969,159,158
3019,1825,219,147
2432,1843,250,124
2112,1833,277,139
1840,1837,273,122
1676,1830,196,141
1284,1834,171,122
1001,1842,321,129
883,1836,115,127
737,1842,191,138
629,1851,149,141
3065,1699,154,123
2320,1709,277,133
2095,1708,183,127
1909,1704,175,136
1682,1700,225,133
1281,1702,229,133
1079,1708,214,135
723,1716,228,136
579,1744,150,130
3069,1567,180,127
2890,1580,169,126
2741,1568,158,131
2566,1591,197,126
2346,1567,250,143
2226,1580,121,129
1999,1571,225,141
1820,1573,209,136
1641,1548,172,147
1408,1562,244,145
1201,1561,204,150
944,1556,274,148
744,1596,206,123
566,1605,194,152
3057,1445,192,127
2870,1443,169,126
2483,1438,364,138
2244,1441,228,140
1957,1432,280,143
1171,1433,259,143
978,1436,193,137
812,1461,190,131
743,1453,131,137
543,1459,211,153
3074,1327,177,125
2887,1314,207,143
2655,1317,258,127
2460,1312,203,147
2301,1296,183,160
2233,1314,124,137
2003,1305,248,133
1806,1318,210,163
1638,1309,224,151
1406,1284,248,174
1294,1298,168,139
1072,1312,219,140
877,1329,211,133
694,1334,235,132
590,1339,110,129
3059,1198,214,132
2674,1173,377,162
2395,1168,257,138
2182,1191,199,136
1914,1189,287,128
1662,1188,248,130
1562,1205,109,127
1227,1191,265,136
981,1202,269,125
817,1205,181,133
667,1197,167,146
534,1219,161,142
3060,1066,207,130
2861,1072,181,123
2664,1056,148,125
2244,1062,426,129
2015,1079,242,108
1748,1072,266,136
1390,1069,294,130
1131,1086,223,121
821,1066,247,146
580,1082,242,142
3081,969,152,105
2833,943,217,147
2591,938,201,146
2197,952,297,120
1885,943,286,133
1436,969,252,99
1250,971,188,119
972,948,278,132
703,958,285,127
554,966,168,144
3068,831,210,149
2475,841,233,112
2302,849,166,105
2146,858,160,104
1912,839,224,118
1764,847,166,111
1618,856,162,98
1466,845,156,111
1309,844,162,124
1163,841,201,118
984,844,230,124
727,850,265,111
591,854,150,105
2861,710,178,126
2618,709,237,122
2337,728,258,103
2137,724,186,115
1872,717,251,128
1721,724,157,117
1462,728,249,111
1316,725,144,122
1151,730,169,103
904,723,243,122
776,720,141,117
558,716,223,134
3155,582,78,115
3055,576,103,117
2932,579,141,122
2814,604,133,112
2690,606,130,94
2622,599,86,100
2524,605,100,101
2389,614,135,117
2291,618,101,102
2168,609,126,121
2040,619,127,105
1840,615,208,115
1692,616,163,109
1578,604,133,113
1380,608,199,101
1217,613,195,119
1151,614,77,103
1039,606,121,120
940,599,105,97
835,576,114,125
717,589,138,122
574,572,150,134
3108,461,188,118
2856,448,267,141
2399,500,206,110
2204,499,186,124
1979,515,196,116
1681,515,232,107
1490,509,193,110
1238,492,227,120
1043,495,190,112
870,493,186,107